44214.553250	-234703	44214.553250	44214.553179	6.153183	7.882620
44214.615620	-234702	44214.615620	44214.615542	6.771582	7.882595
44214.677980	-234701	44214.677980	44214.677904	6.525982	7.882570
44968.023090	-222621	44968.023090	44968.021043	176.854251	92.502097
44968.957120	-222606	44968.957120	44968.956486	54.802241	92.502071
44969.019620	-222605	44969.019620	44969.018849	66.652640	92.502069
44978.997550	-222445	44978.997550	44978.996903	55.868538	92.501786
44993.900780	-222206	44993.900780	44993.901623	-72.814015	51.935107
44993.963280	-222205	44993.963280	44993.963986	-60.963615	51.935103
44994.026420	-222204	44994.026420	44994.026348	6.182784	51.935100
45020.905130	-221773	45020.905130	45020.904734	34.248908	12.491692
45021.902920	-221757	45021.902920	45021.902539	32.911297	12.491485
45024.833860	-221710	45024.833860	45024.833593	23.096068	51.933558
45731.966400	-210371	45731.966400	45731.965865	46.230410	22.605807
45763.833730	-209860	45763.833730	45763.833277	39.096484	3.602280
45854.882800	-208400	45854.882800	45854.883028	-19.672451	92.479823
46054.942310	-205192	46054.942310	46054.943027	-61.927304	92.475610
46086.935650	-204679	46086.935650	46086.935165	41.903568	5.644482
46086.997960	-204678	46086.997960	46086.997528	37.337967	5.644462
48560.557800	-165014	48560.557800	48560.557317	41.754182	3.460518
48773.215090	1	48773.215090	48773.214610	41.472000	2.592000
48774.212930	-161588	48774.212930	48774.212415	44.454389	2.592000
49137.912940	-155756	49137.912940	49137.912514	36.847457	2.609669
49143.962140	-155659	49143.962140	49143.961709	37.216195	2.610258
49144.024380	-155658	49144.024380	49144.024072	26.602595	2.610264
49144.086890	-155657	49144.086890	49144.086435	39.316993	2.610270
49144.960050	-155643	49144.960050	49144.959515	46.246585	2.610356
49145.022350	-155642	49145.022350	49145.021878	40.816984	2.610362
49145.084540	-155641	49145.084540	49145.084240	25.883384	2.610368
49145.147110	-155640	49145.147110	49145.146603	43.781783	2.610374
51870.776880	-111934	51870.776880	51870.777002	-10.535790	3.653565
51870.901630	-111932	51870.901630	51870.901728	-8.434991	3.653638
52284.678950	-105297	52284.678950	52284.679188	-20.587237	7.503069
52284.741360	-105296	52284.741360	52284.741551	-16.512837	6.715572
54914.832280	-63122	54914.832280	54914.832075	17.717771	8.593015
54914.894660	-63121	54914.894660	54914.894438	19.200171	8.593046
54916.827930	-63090	54916.827930	54916.827686	21.090551	7.915769
54919.696600	-63044	54919.696600	54919.696377	19.296922	7.917308
54920.756780	-63027	54920.756780	54920.756545	20.305710	7.917877
54922.627670	-62997	54922.627670	54922.627430	20.713691	7.918881
54922.690020	-62996	54922.690020	54922.689793	19.604091	8.596897
54922.752370	-62995	54922.752370	54922.752156	18.494490	8.596928
54922.814730	-62994	54922.814730	54922.814519	18.248889	8.596959
54937.781830	-62754	54937.781830	54937.781601	19.784735	7.927018
54937.844200	-62753	54937.844200	54937.843964	20.403135	8.604393
54938.717290	-62739	54938.717290	54938.717044	21.284726	7.927521
54938.779610	-62738	54938.779610	54938.779406	17.583125	8.604857
54940.650510	-62708	54940.650510	54940.650292	18.855106	7.290927
54940.712870	-62707	54940.712870	54940.712655	18.609506	8.605814
54940.775240	-62706	54940.775240	54940.775017	19.227905	7.291000
54940.837640	-62705	54940.837640	54940.837380	22.438304	7.928660
54941.773050	-62690	54941.773050	54941.772823	19.618295	8.606339
54941.835410	-62689	54941.835410	54941.835186	19.372694	7.291619
54942.646120	-62676	54942.646120	54942.645903	18.771886	8.606771
54942.770850	-62674	54942.770850	54942.770628	19.144685	8.606833
54942.833220	-62673	54942.833220	54942.832991	19.763084	8.606864
54942.895590	-62672	54942.895590	54942.895354	20.381483	7.292239
54943.706300	-62659	54943.706300	54943.706071	19.780675	8.607296
54943.768650	-62658	54943.768650	54943.768434	18.671074	8.607327
54943.831010	-62657	54943.831010	54943.830797	18.425474	7.930270
54970.647030	-62227	54970.647030	54970.646819	18.225198	6.723277
54970.709410	-62226	54970.709410	54970.709182	19.707598	6.723317
54993.658930	-61858	54993.658930	54993.658708	19.182562	7.957123
54998.647980	-61778	54998.647980	54998.647735	21.134511	7.959819
55005.632600	-61666	55005.632600	55005.632374	19.547239	7.329011
55135.970980	-59576	55135.970980	55135.970715	22.913901	8.034502
55156.924900	-59240	55156.924900	55156.924630	23.336087	8.045979
55156.987240	-59239	55156.987240	55156.986993	21.362487	8.046013
55157.922710	-59224	55157.922710	55157.922435	23.726476	7.419038
55158.982870	-59207	55158.982870	55158.982604	23.007266	8.047107
55160.916110	-59176	55160.916110	55160.915852	22.305646	8.048167
55160.978470	-59175	55160.978470	55160.978215	22.060046	8.048202
55161.913910	-59160	55161.913910	55161.913657	21.832036	8.048715
55161.976290	-59159	55161.976290	55161.976020	23.314435	7.421449
55162.911740	-59144	55162.911740	55162.911463	23.950426	7.422006
55205.942100	-58454	55205.942100	55205.941824	23.829984	8.738954
55206.004460	-58453	55206.004460	55206.004187	23.584383	8.738986
55206.939920	-58438	55206.939920	55206.939630	25.084373	8.739462
55207.002310	-58437	55207.002310	55207.001993	27.430773	8.073494
55208.873170	-58407	55208.873170	55208.872878	25.246754	8.074524
55209.870980	-58391	55209.870980	55209.870683	25.637143	8.740953
55209.933310	-58390	55209.933310	55209.933046	22.799543	8.075108
55209.995690	-58389	55209.995690	55209.995409	24.281942	8.741016
55212.989110	-58341	55212.989110	55212.988825	24.589112	8.076791
55244.918890	-57829	55244.918890	55244.918601	24.985584	8.758817
55244.981260	-57828	55244.981260	55244.980964	25.603983	8.094442
55246.976860	-57796	55246.976860	55246.976575	24.656763	8.095545
55389.663080	-55508	55389.663080	55389.662758	27.778498	8.174869
56670.346770	-34972	56670.346770	56670.346094	58.395755	8.364680
56717.368350	-34218	56717.368350	56717.367677	58.108872	8.395390
56748.300370	-33722	56748.300370	56748.299647	62.434955	9.577303
57100.338720	-28077	57100.338720	57100.337894	71.379343	8.648034
57101.149460	-28064	57101.149460	57101.148611	73.370534	8.160047
57748.288850	-17687	57748.288850	57748.287828	88.260692	9.604151
57748.351190	-17686	57748.351190	57748.350191	86.287092	9.604191
57802.232720	-16822	57802.232720	57802.231687	89.224139	9.121753
57802.419820	-16819	57802.419820	57802.418776	90.215337	9.121881
57829.360570	-16387	57829.360570	57829.359524	90.387860	8.679512
58140.426470	-11399	58140.426470	58140.425383	93.939868	9.859506
58200.232450	-10440	58200.232450	58200.231349	95.144855	9.395856
58542.417410	-4953	58542.417410	58542.416266	98.830143	8.825595
58580.084550	-4349	58580.084550	58580.083423	97.367357	9.226002
58851.300610	0	58851.300610	58851.299426	102.338173	9.425803
58870.258890	304	58870.258890	58870.257730	100.251579	9.439813
58870.383640	306	58870.383640	58870.382455	102.352377	9.865255
58871.194310	319	58871.194310	58871.193172	98.295569	9.077701
58871.256750	320	58871.256750	58871.255535	104.961968	9.440550
58873.314700	353	58873.314700	58873.313509	102.905147	9.867328
58873.439430	355	58873.439430	58873.438235	103.277946	9.442164
58880.174630	463	58880.174630	58880.173422	104.401077	9.447142
58909.298030	930	58909.298030	58909.296869	100.297578	9.892792
58926.135990	1200	58926.135990	58926.134837	99.649405	9.119949
58931.125040	1280	58931.125040	58931.123864	101.601354	9.484828
